metabolite	ISO.1	ISO.2	ISO.3	ISO.4	ISO.5	PDL1.LAG3.1	PDL1.LAG3.2	PDL1.LAG3.4	PDL1.LAG3.5	PDL1.LAG3.6	TH1.1	TH1.2	TH1.3	TH1.4	TH1.5	TH1.PDL1_LAG3.1	TH1.PDL1_LAG3.2	TH1.PDL1_LAG3.3	TH1.PDL1_LAG3.4	TH1.PDL1_LAG3.5
C0	6.96315	6.6679	6.24498	5.87963	6.22048	7.00773	6.68948	6.7466	6.70971	6.56571	6.7209	6.55946	6.16989	6.49336	5.89352	6.90862	7.08356	6.75144	6.91751	7.22936
C2	5.09178	4.99378	4.73131	4.48853	4.66299	5.02444	4.90607	5.09873	5.10904	4.80592	4.56004	4.65299	3.95368	4.91819	3.98069	4.85273	5.08448	5.12517	5.70497	5.39054
C3	-0.0137403	0.251664	-0.125299	0.73924	0.115609	-0.673517	-0.108391	0.118355	-0.0647301	-0.192423	0.129417	0	-0.533181	0.123829	-0.339132	0.399495	0.562702	0.35344	-0.0153741	0.330592
C3-DC (C4-OH)	-0.598703	-0.830674	-1.39838	-0.976244	-1.09441	-1.24355	-0.750177	-0.792988	-1.20525	-0.983103	-1.03777	-1.20147	-1.24218	-0.655783	-1.45194	-0.703331	-0.793172	-0.905765	-0.122848	-0.579753
C3-OH	-3.5987	-3.56828	-3.15526	-3.66969	-3.69738	-3.61591	-3.3757	-3.43954	-3.36397	-3.78815	-3.23849	-3.40022	-3.38975	-3.46546	-3.72596	-3.26323	-3.20611	-3.71369	-3.35465	-2.87609
C3:1	-2.54426	-3.37063	-3.3725	-3.37725	-3.49937	-3.14404	-2.91004	-3.25888	-2.92127	-3.27971	-2.83808	-2.96719	-2.84557	-3.06149	-3.04455	-2.72763	-2.96356	-2.82393	-3.07308	-2.65765
C4	1.27722	1.2651	1.43072	2.39213	1.586	0.902131	1.47136	1.94141	1.49258	1.51187	1.19771	1.42429	1.25914	1.57129	1.01267	1.80194	1.96557	1.96688	1.46474	1.84112
C4:1	-2.90683	-3.11627	-3.3725	-3.29186	-3.24455	-3.06478	-2.84566	-3.25888	-3.17136	-3.20941	-2.77082	-3.21087	-2.981	-2.7572	-3.26134	-2.80466	-2.89163	-3.08852	-2.99019	-2.87609
C5	-0.669786	-0.304415	0.0475846	-0.125462	-0.325996	-0.810957	0.103978	0.118355	-0.475697	-0.230202	-0.609141	-0.318722	-0.892078	-0.326277	-0.87125	-0.0370792	-0.0737006	-0.00863839	-0.0467882	-0.04199
C5-DC (C6-OH)	-2.77558	-2.65202	-3.08939	-2.99425	-3.09614	-3.22758	-2.72524	-2.65505	-2.92127	-3.07793	-2.70685	-2.7593	-2.72194	-2.51301	-3.04455	-2.80466	-2.63745	-3.01772	-2.6347	-2.72679
C5-M-DC	-2.90683	-2.89928	-3.08939	-2.99425	-3.16849	-3.22758	-2.91004	-3.02636	-2.92127	-3.20941	-2.58757	-3.12491	-2.78241	-2.9307	-3.04455	-2.80466	-2.52653	-2.95021	-2.83739	-2.65765
C5-OH (C3-DC-M)	-1.83971	-1.65482	-2.23278	-2.35767	-2.21672	-2.073	-1.70946	-1.95312	-1.9746	-2.19674	-2.03707	-1.80902	-2.14583	-1.89675	-2.22394	-2.02186	-1.74455	-1.94429	-1.94523	-1.85503
C5:1	-3.05122	-3.04035	-2.96583	-2.92873	-3.49937	-3.22758	-2.84566	-3.02636	-3.00021	-3.27971	-2.70685	-2.96719	-2.981	-2.9307	-3.26134	-2.97168	-2.69659	-2.82393	-3.161	-2.59173
C5:1-DC	-2.83971	-3.37063	-3.22419	-3.37725	-3.40947	-3.06478	-2.61446	-2.95696	-2.92127	-3.14224	-2.77082	-3.12491	-2.91167	-2.81238	-2.97947	-2.88585	-2.69659	-2.95021	-3.07308	-2.87609
C6 (C4:1-DC)	-1.49179	-1.10386	-1.79748	-1.51566	-1.64172	-1.64894	-1.50405	-1.26197	-1.13137	-1.64378	-1.65053	-1.53954	-1.67907	-1.17914	-1.90482	-1.47692	-1.21503	-1.4702	-1.04146	-1.1938
C6:1	-3.05122	-3.04035	-3.29649	-2.99425	-3.32472	-3.14404	-2.84566	-2.95696	-3.00021	-3.27971	-2.77082	-2.96719	-2.91167	-2.87013	-3.11298	-2.80466	-2.75848	-3.08852	-2.91178	-2.95709
C7-DC	-3.39225	-2.96814	-3.62715	-3.29186	-3.09614	-3.40958	-3.12338	-2.89095	-2.84619	-3.35344	-2.70685	-3.30239	-3.05388	-2.70437	-3.4283	-2.58451	-2.89163	-3.16296	-2.91178	-2.87609
C8	-1.01374	-1.04504	-1.29889	-1.20138	-1.22844	-0.88455	-1.11189	-1.09832	-0.65891	-1.20298	-1.03777	-0.946523	-0.993611	-1.22541	-1.24631	-0.683955	-1.04735	-1.11344	-0.845187	-0.798194
C9	-1.74455	-2.09033	-2.16221	-2.12238	-2.06831	-2.073	-1.98411	-2.08853	-1.89359	-2.2323	-1.76716	-1.94747	-1.67907	-2.07025	-2.22394	-1.76381	-1.74455	-2.0118	-1.94523	-1.78043
C10	-1.05122	-1.20741	-1.35778	-1.27857	-1.56434	-0.865821	-1.11189	-1.0645	-0.78799	-1.37642	-1.10963	-1.18015	-0.843908	-1.27347	-1.53534	-0.846451	-0.995842	-1.02327	-1.22018	-0.892074
C10:1	-1.19062	-0.765603	-1.26089	-0.944592	-0.938179	-1.00196	-0.911454	-0.700552	-0.52354	-0.983103	-0.75572	-1.40935	-0.722911	-0.860454	-1.31747	-0.485849	-1.11928	-0.654674	-0.882375	-0.643452
C10:2	-0.530958	-0.814136	-0.717434	-0.527726	-0.681619	-0.640985	-0.643666	-0.477476	-0.606741	-0.608597	-0.634602	-0.715174	-0.299729	-0.696156	-0.858236	-0.46907	-0.592233	-0.296	-0.503336	-0.272917
C12	-1.74455	-1.90737	-1.9992	-2.05195	-2.03342	-2.03286	-1.91819	-1.56388	-1.63956	-2.162	-1.67873	-2.18435	-1.89337	-1.76866	-2.087	-1.50992	-1.74455	-1.7881	-1.72729	-1.45697
C12-DC	0.644881	0.568897	0.442931	0.502258	0.359822	0.74523	0.58785	0.416688	0.845838	0.463721	0.519074	0.626912	0.459631	0.243623	0.175347	0.775926	0.538534	0.534722	0.628753	0.795259
C12:1	-1.12922	-1.02594	-1.39838	-1.18272	-1.35382	-0.90351	-1.07641	-0.999278	-0.866922	-1.2213	-0.889175	-1.31318	-0.976177	-1.0096	-1.43188	-0.683955	-1.04735	-0.842658	-1.17339	-0.872794
C14	-1.62672	-1.41427	-1.8806	-1.61283	-1.53942	-1.71202	-1.36782	-1.03149	-1.15561	-1.46039	-1.59589	-1.51253	-1.70778	-0.825809	-1.74455	-1.05311	-1.04735	-1.31255	-0.688724	-0.91162
C14:1	-2.97721	-3.2809	-3.08939	-2.92873	-3.24455	-3.06478	-2.72524	-1.85977	-2.51754	-3.01625	-2.64586	-2.89445	-2.78241	-2.16702	-3.1851	-2.39256	-2.47435	-2.653	-2.69917	-2.46843
C14:1-OH	-2.97721	-3.04035	-3.02632	-2.86612	-3.02716	-2.91751	-2.84566	-2.71028	-2.77461	-2.79197	-2.77082	-2.7593	-2.72194	-2.70437	-3.1851	-2.51776	-2.63745	-2.95021	-2.69917	-2.355
C14:2	-3.29914	-3.37063	-3.53732	-3.56532	-3.49937	-3.3159	-3.12338	-3.02636	-3.26466	-3.78815	-2.32965	-3.04386	-2.18586	-3.13245	-3.61919	-3.15963	-3.12025	-3.32438	-3.25459	-3.13445
C14:2-OH	-2.83971	-2.89928	-2.7979	-3.06297	-2.96124	-2.84882	-2.28451	-2.71028	-2.92127	-2.79197	-2.77082	-2.46891	-2.60821	-2.51301	-3.11298	-1.68679	-2.32907	-2.8857	-2.34943	-2.52874
C16	-1.12922	-0.517119	-0.853477	-0.740961	-0.98845	-1.53003	-0.865573	-0.0456241	-0.0527548	-0.697139	-1.3748	-1.22312	-1.35069	-0.023646	-1.08343	-0.114103	-0.142826	-0.174147	0.807855	-0.0526849
C16-OH	-2.44116	-2.1298	-2.5102	-2.4919	-2.56725	-2.29099	-2.28451	-2.40837	-1.89359	-2.64321	-2.32965	-2.41734	-2.31319	-2.30905	-2.69458	-2.27699	-2.19811	-2.36179	-2.11115	-2.10575
C16:1	-1.68443	-1.65482	-1.71878	-1.74455	-1.80977	-1.53003	-1.62882	-1.18679	-1.28286	-1.66835	-1.54344	-1.74455	-1.76699	-1.20979	-1.74455	-1.20859	-1.23503	-1.51858	-1.17339	-1.14656
C16:1-OH	-3.05122	-3.04035	-3.29649	-3.21136	-3.16849	-2.84882	-2.97756	-2.45424	-2.57789	-3.35344	-2.64586	-3.30239	-2.55459	-2.55816	-3.1851	-2.72763	-2.63745	-3.01772	-2.69917	-2.65765
C16:2	-2.83971	-2.89928	-3.15526	-3.06297	-3.24455	-2.98939	-2.72524	-2.71028	-2.77461	-2.95698	-2.53177	-2.89445	-2.78241	-2.7572	-3.11298	-2.58451	-2.75848	-2.60023	-2.91178	-2.65765
C16:2-OH	-2.54426	-2.89928	-2.7979	-2.53965	-2.66955	-2.78306	-2.5119	-2.45424	-2.7062	-3.01625	-2.37733	-2.96719	-2.0321	-2.34725	-2.64423	-2.45386	-1.93493	-2.31846	-2.4569	-2.30152
C18	-2.21168	-1.49019	-2.30689	-2.19653	-2.29689	-2.71998	-2.41642	-2.05339	-1.81663	-2.42383	-2.00013	-2.63592	-2.26946	-1.89675	-2.54891	-2.22238	-2.04142	-2.27639	-1.34421	-1.64207
C18:1	-1.74455	-1.38981	-1.50503	-1.33938	-1.64172	-1.74455	-1.43426	-0.602108	-0.887304	-1.5958	-1.82961	-2.14202	-2.06901	-0.814472	-1.74455	-1.02869	-1.10093	-1.29136	-0.474618	-1.10084
C18:1-OH	-1.77558	-1.62608	-1.74455	-1.63821	-1.61548	-1.84647	-1.57755	-1.13302	-1.51125	-1.57237	-2.15457	-2.06097	-1.76699	-1.87005	-2.54891	-1.80386	-2.28397	-1.94429	-1.56776	-1.97485
C18:2	-2.49179	-2.59616	-2.7459	-2.23512	-2.61752	-2.98939	-2.72524	-2.1998	-1.89359	-2.84499	-2.90897	-2.82527	-2.78241	-2.23601	-2.80135	-2.11878	-2.24035	-2.5493	-1.98496	-2.15222
Ala	10.2126	10.6851	10.5432	10.5573	10.2935	10.8804	10.4734	10.892	10.7304	10.3944	10.7297	10.1751	9.88639	10.3723	9.60864	10.6354	10.7165	10.9968	10.7893	10.4448
Arg	6.66614	6.62335	7.65439	6.46623	6.75938	8.65651	7.55807	7.21845	8.16	7.6109	6.60798	6.55946	6.53643	6.88748	5.99809	6.37096	6.98126	6.387	7.52868	7.42648
Asn	6.43069	7.19134	6.79977	6.1659	6.5432	6.17543	6.08274	6.47071	6.35921	6.22026	6.0924	6.27115	6.64774	6.81075	5.8568	6.30376	7.06223	6.63995	6.84274	6.27186
Asp	9.68885	11.4145	11.0242	9.44966	10.2162	11.3508	9.7278	10.0597	10.9152	10.2559	9.64732	9.70695	10.0315	10.1387	9.4856	9.44239	10.5196	9.9306	10.9711	9.85247
Cit	5.96277	6.08653	6.03539	5.92144	5.81376	6.40412	6.53134	5.82063	6.12238	5.94907	6.07943	5.69736	5.43339	5.71035	5.25566	5.57193	5.90964	6.53696	6.08943	5.49218
Gln	9.74059	8.98759	9.88299	8.30955	9.00308	10.5513	9.59846	9.57894	9.72633	9.5429	9.15209	8.80195	9.55135	9.74566	8.45469	9.37223	9.80762	9.656	10.4938	10.5755
Glu	10.7838	10.5888	11.1294	10.2972	10.4841	11.9122	10.8073	11.1748	11.3301	10.9783	11.0002	10.7657	10.5067	11.2463	10.2077	10.7395	11.7192	11.448	12.1693	11.2
Gly	11.2095	11.0341	11.0967	10.5677	10.7638	11.2783	10.8719	10.9145	11.1681	10.8665	11.3211	10.4315	10.8613	11.0094	10.0808	11.1711	11.5841	11.5671	11.3827	12.4047
His	6.86831	6.42929	7.17725	6.10426	6.51168	6.91026	7.05674	7.09412	6.38595	6.71639	6.66987	6.18895	7.21804	6.78012	6.09517	6.54408	7.06223	6.49176	7.00283	7.30898
Ile	5.82277	6.41183	6.16979	5.15346	5.80059	7.14979	6.46281	6.64918	6.36281	6.28939	5.20932	5.53489	4.41427	5.84667	4.74894	5.55153	5.91277	6.15124	6.5567	6.3614
Leu	7.424	7.2598	7.25372	6.52046	7.0039	8.14594	7.55807	7.76912	7.51426	7.54515	7.11994	7.03138	6.3974	7.30395	6.30462	7.42094	7.71143	7.28827	7.87602	7.95491
Lys	8.80505	8.0975	8.76639	7.72625	8.32657	9.82943	9.33342	8.72866	9.12948	9.01875	7.81588	7.86084	7.94263	8.52141	7.31808	7.78784	8.33559	8.1519	8.86358	9.2499
Met	5.91956	5.76555	5.99258	5.5978	5.74664	5.81692	5.84627	6.5082	5.99321	5.8187	6.81	5.48032	5.53982	5.92716	5.30404	6.21065	6.55383	6.78925	6.19634	6.86329
Orn	6.23347	5.74298	6.32815	6.36583	6.16037	6.77549	6.71176	6.32082	6.49673	6.3006	6.38364	6.13976	6.08126	6.29098	5.5675	6.03776	6.38217	6.21948	5.94012	7.04387
Phe	6.2797	6.44654	6.70411	5.76916	6.17057	6.92456	6.37222	6.5082	6.55162	6.27809	6.28542	5.84012	6.27336	6.04522	5.45971	6.17768	6.62305	6.48255	6.87307	6.94922
Pro	8.2347	8.41979	7.90308	7.81427	7.90995	8.44642	7.79339	8.13463	8.19291	7.90554	8.17174	7.33757	7.11223	7.82583	6.98521	7.92409	7.99513	8.16052	7.79392	8.40613
Ser	8.06845	8.13864	7.97754	7.63219	7.80624	7.94158	7.55807	7.874	7.92683	7.53551	7.92887	7.28249	7.99346	7.95759	7.1312	7.83114	8.45681	8.32544	8.40836	9.03914
Thr	7.25585	8.2246	8.04115	7.61138	7.677	8.03644	7.68617	7.72175	8.27738	7.7635	6.95916	6.31608	8.0789	7.28226	6.85774	7.41385	7.63588	7.70963	8.18094	7.15777
Trp	6.41007	5.4102	5.44837	5.46077	5.56955	5.87295	5.66298	6.08102	5.50809	5.52488	5.29247	5.41112	6.32237	5.61638	5.08782	5.25015	5.92214	5.53136	5.71744	5.91239
Tyr	6.84551	6.55371	7.04753	6.93576	6.7392	6.74392	6.96112	6.58918	6.58457	6.47923	7.30978	5.88868	6.80659	5.68412	5.90255	6.64415	6.61336	6.82608	6.71196	7.12071
Val	7.61982	7.60822	7.81621	7.26944	7.44335	8.51083	7.85405	8.04751	7.84731	7.74264	7.37501	7.26554	6.89267	7.52696	6.58757	7.66163	8.08347	7.961	8.134	8.37825
Ac-Orn	4.27937	3.28334	3.26227	4.09368	3.69387	2.87738	4.567	4.25558	2.68393	3.64518	4.25416	4.23553	3.74118	4.10971	3.69773	3.89231	4.34911	4.62872	3.12966	4.70634
ADMA	1.68668	1.28288	1.08097	1.3331	1.20463	1.44552	1.49466	1.69659	1.21871	1.32194	1.11934	1.45801	0.987814	1.2777	0.826061	1.33147	1.52853	1.5511	1.28948	0.627016
alpha-AAA	4.64613	3.5069	3.67755	5.13713	4.46161	3.40386	4.20061	4.22917	3.6294	3.52547	4.35204	4.40142	4.6607	4.75135	4.00273	4.40887	4.68489	4.24878	3.71641	4.617
Carnosine	-0.180202	-0.477292	-0.743662	-0.714133	-0.499287	-0.517305	-0.463679	-0.434859	-0.694698	-0.710222	-1.2254	-0.946523	-1.06557	-0.920435	-1.31747	-0.502816	-0.473371	-1.40053	-0.722064	-0.518794
Creatinine	3.53039	2.80945	2.91825	3.58849	3.20886	3.2687	3.47433	3.2267	2.22699	3.26103	3.99795	3.49895	2.74802	3.29445	3.0052	4.07386	3.41537	3.28182	3.1915	2.53465
Histamine	2.50259	2.25234	2.44547	2.47114	2.15375	3.54038	2.70182	2.13028	3.54129	2.46176	2.13332	1.7521	2.16544	1.82475	1.42394	1.77444	1.87281	1.79	2.20471	2.02939
Kynurenine	0.391706	-0.128788	-0.330659	-1.04176	0.434636	-0.080231	0.256849	-0.0694312	-0.00576336	0.576333	0.57295	0	0.538296	0.548204	0.803226	0.782817	1.02643	1.04339	1.28948	1.44992
Met-SO	0.894505	1.29694	1.62439	0.585893	1.25626	0.358349	1.47722	1.61834	0.858975	0.296618	1.95506	0.662279	0.992082	1.70044	0.455175	1.22904	1.75263	2.02199	0.273435	1.84824
Putrescine	1.40564	4.09574	1.79818	1.24826	2.54467	1.8974	2.02016	1.56093	1.93936	1.57378	1.60399	2.30491	0.961926	1.51287	1.41663	2.04006	2.06578	1.78265	2.84186	1.52588
Sarcosine	3.49907	4.16393	3.78949	3.7282	3.95352	4.57215	3.71184	3.88489	4.04815	4.16432	3.46579	3.5069	3.66043	4.04522	3.48066	3.57867	3.93731	4.23553	4.56006	3.43068
SDMA	-2.01374	-2.54233	-1.03515	-3.13521	-2.33866	-1.99374	-1.20481	-1.0645	-2.01676	-1.25861	-1.92924	-1.40935	-2.40489	-2.38666	-2.05486	-2.51776	-1.45362	-1.24989	-1.62948	-4.02524
Serotonin	-0.530958	4.95919	-0.691663	1.42952	3.00105	0.249634	0.748003	-0.34361	-0.6767	-0.10191	-1.79801	-1.11803	-1.35069	-1.42993	-1.49298	-2.06954	-1.77445	-1.54339	-1.31854	-2.79948
Spermidine	4.22793	4.46931	4.26369	3.29985	4.49221	3.62154	3.60461	4.18405	3.5069	3.8353	3.4091	3.98116	3.15876	3.48883	3.71584	3.58864	3.92523	3.98932	4.11901	3.0497
Spermine	0.342408	1.13777	0.524483	0.311717	0.972582	1.06195	0.317648	0.301945	0.858975	0.152145	0.351102	0.662279	0.222967	0.148597	0	0.705154	0.220028	0.468631	0.847999	0.603684
t4-OH-Pro	5.48172	4.92628	4.43363	5.22549	4.82585	4.33783	4.75101	5.33896	4.71681	4.65364	5.4497	4.86677	4.66697	5.31511	4.26073	5.25645	5.37132	5.66987	4.46753	5.66827
lysoPC a C14:0	4.14462	4.03381	3.92291	3.71795	3.79696	4.63921	3.9153	3.9347	4.50264	3.92748	4.00891	4.15735	3.8954	3.6601	3.57369	4.42012	4.08597	3.95736	4.67761	4.68887
lysoPC a C16:0	5.62335	5.3717	5.78812	5.19958	5.26981	6.45077	5.66913	5.7769	6.12867	5.66025	5.5805	5.37522	5.38546	5.39652	4.87154	6.07403	6.02292	5.64023	6.18017	6.26757
lysoPC a C16:1	-0.889752	0.135568	0	-0.587162	-0.347964	0.322928	0.0885237	-0.10184	0.707859	0.130301	-0.0775044	-0.0659654	-0.471125	-0.0723334	-0.517255	0	0.173904	-0.274968	-0.100706	-0.285514
lysoPC a C17:0	-0.24386	-0.213998	-0.26218	-0.383998	-0.487082	-0.233111	-0.387077	-0.286027	-0.138608	-0.513379	-0.421511	-0.570354	-0.354595	-0.463007	-0.42055	0	0.0261405	-0.328132	-0.378358	-0.248056
lysoPC a C18:0	4.46842	4.34266	4.4129	3.70242	4.00682	5.06608	4.34783	4.44737	4.82836	4.26985	3.89547	3.94665	3.92749	4.02864	3.60821	4.50178	4.45434	4.10562	4.81466	4.68301
lysoPC a C18:1	2.26866	2.64738	3.18817	2.35504	2.48545	3.44226	3.07959	3.19083	3.61866	3.04394	2.71142	2.69673	2.182	2.62743	2.31872	3.16471	3.14252	2.58407	3.30843	3.14615
lysoPC a C18:2	2.93376	2.60713	3.19764	2.90598	2.73362	3.7095	3.03139	3.29589	3.55259	3.12313	2.61455	2.79141	2.41415	2.60523	2.24106	2.936	3.13215	2.65263	3.36382	3.14615
lysoPC a C20:3	-0.453652	0.0264477	-0.116608	-0.134237	-0.627197	0.631334	0.134392	0.34765	0.0171118	-0.0165149	-0.306513	-0.155553	-0.598072	-0.288771	-0.106205	0.0349542	0.18944	-0.537471	-0.134046	-0.164323
lysoPC a C20:4	3.13098	2.57964	3.23491	3.04743	2.86836	3.19657	3.23223	3.71168	3.26903	3.30427	2.81471	2.7516	2.4539	2.76393	2.42747	3.19108	3.20329	2.61189	3.16088	3.11624
lysoPC a C24:0	-1.27677	-1.74455	-2.60003	-1.69038	-1.61548	-1.74455	-1.98411	-1.85977	-2.06011	-1.74455	-1.33035	-1.59515	-1.79755	-1.58778	-1.39264	-1.32197	-1.40693	-1.56863	-1.79636	-1.40028
lysoPC a C26:0	-2.90683	-2.21205	-3.02632	-2.35767	-2.66955	-2.43826	-2.78414	-2.65505	-1.85463	-2.38353	-2.23919	-2.41734	-2.50292	-1.92403	-2.59572	-1.8873	-2.63745	-2.11935	-2.76663	-2.52874
lysoPC a C26:1	-1.77558	-1.59789	-1.96865	-2.01801	-1.02294	-2.65938	-1.76596	-1.71722	-1.81663	-1.82481	-1.54344	-1.71339	-1.32832	-1.46755	-1.57907	-1.29281	-1.83634	-2.15705	-1.69395	-1.78043
lysoPC a C28:0	-1.94159	-2.01441	-2.30689	-1.88988	-1.80977	-1.71202	-2.05332	-1.89018	-2.3495	-2.162	-1.79801	-1.80902	-1.51805	-2.16702	-2.15371	-2.02186	-2.15717	-2.31846	-2.06786	-1.78043
lysoPC a C28:1	-2.16986	-2.29915	-2.19707	-2.27479	-1.80977	-2.84882	-2.20308	-2.23902	-2.19801	-1.93891	-2.15457	-2.22799	-1.9268	-1.74455	-1.82228	-2.27699	-2.00497	-2.31846	-2.40217	-1.97485
PC aa C24:0	-2.49179	-2.59616	-3.22419	-2.69345	-2.38165	-2.71998	-2.3271	-2.12461	-2.24687	-2.5078	-2.23919	-2.52242	-2.55459	-2.23601	-2.45995	-2.22238	-2.42414	-2.60023	-2.76663	-2.52874
PC aa C26:0	0.884724	0.921773	0.759958	0.720985	0.93059	1.11185	0.842509	0.773566	1.23925	0.825155	0.815784	0.91748	1.02993	0.589492	0.653234	1.39144	0.845289	0.863788	1.25404	1.1972
PC aa C28:1	-1.94159	-1.68413	-2.23278	-2.08672	-1.90152	-1.84647	-1.79509	-1.85977	-1.77955	-1.82481	-1.86199	-1.94747	-2.0321	-1.79324	-1.82228	-1.64971	-2.15717	-2.11935	-1.94523	-1.70956
PC aa C30:0	0.69056	1.43657	1.43072	0.683728	1.00529	1.8637	1.08564	0.861915	1.50549	1.18858	0.680493	1.40366	0.745835	0.85328	0.906653	0.830158	0.879491	0.918723	1.39131	1.27583
PC aa C32:0	5.14297	4.26651	5.41463	4.80163	4.47529	5.71994	4.89024	4.7654	5.53913	4.93832	5.02982	5.24546	4.49778	4.71295	4.56932	4.82334	4.76921	4.7421	5.55758	5.74496
PC aa C32:1	3.42598	4.33091	4.40032	3.6972	3.8722	4.70928	3.84514	3.8157	4.42191	4.14998	3.89547	3.94082	3.595	4.00764	3.74697	3.5069	3.8248	3.76142	4.01398	3.98457
PC aa C32:2	-0.0703237	1.02761	0.695665	0.324051	0.476503	0.975145	0.263735	0.0879323	0.671329	0.481171	0.0472639	0.372807	0.0918534	0.442004	0.252329	-0.195291	0	0.249825	-0.168171	-0.0852629
PC aa C32:3	-2.54426	-0.517119	-2.55443	-2.08672	-1.75161	-2.3876	-2.16409	-2.32105	-2.06011	-2.03052	-2.1962	-2.14202	-2.31319	-1.84392	-2.22394	-2.58451	-2.75848	-2.23551	-2.4569	-2.72679
PC aa C34:1	6.8301	6.70397	7.33824	6.72961	6.62638	7.75854	6.74812	6.93072	7.35394	7.05382	6.90869	7.07751	6.59319	6.94384	6.63036	6.76026	6.77871	6.6888	7.19805	7.3419
PC aa C34:2	7.86915	6.46358	7.24749	7.63808	7.15782	7.46288	6.73369	7.15465	6.8852	7.27728	7.66749	7.49109	7.82852	7.42373	7.32125	7.42094	7.52521	7.70176	7.31606	8.01271
PC aa C34:3	3.14118	2.63409	2.74975	3.03901	2.80261	2.59828	2.61253	2.98644	2.44833	2.96026	3.51268	3.17867	3.19482	3.40136	3.28541	3.00892	3.19333	3.2201	2.5436	3.22224
PC aa C34:4	-0.222327	0.251664	0.343916	-0.0242142	-0.0393767	-0.0690746	0.0728996	0.133331	0.126482	0	-0.210059	0.269293	-0.137167	0.0858607	0.125709	-0.387882	0	-0.154797	-0.145332	-0.04199
PC aa C36:0	1.78424	1.05286	1.23297	1.42952	1.31257	0.908345	0.990022	1.00365	1.05515	1.22743	1.16687	1.09572	1.51617	1.17897	1.19409	1.23911	0.95938	1.12733	1.13721	0.781322
PC aa C36:1	3.86711	3.97408	4.60465	3.7282	3.65165	4.86689	3.81156	3.82746	4.48439	4.13065	3.6165	4.01486	3.62154	3.77392	3.53313	3.5069	3.5069	3.27316	4.01398	3.85086
PC aa C36:2	6.59492	5.60551	6.40693	6.43829	6.02055	6.52013	5.81893	6.11779	6.14943	6.24367	6.31891	6.38093	6.44234	6.19206	6.08734	6.1992	6.14824	6.30569	6.30727	6.34921
PC aa C36:3	5.9442	4.89257	5.87361	5.98185	5.52195	5.78233	5.35071	5.71434	5.34264	5.77469	6.10525	6.08881	6.0582	6.03488	5.86607	5.93111	5.96208	6.06729	5.75122	6.04154
PC aa C36:4	8.70604	7.42175	8.35688	8.40005	8.06299	8.4299	8.05376	8.37614	8.01468	8.42089	8.57064	8.41019	8.43575	8.44341	8.15597	8.50889	8.51918	8.4265	8.49747	8.78276
PC aa C36:5	3.47511	2.64738	3.27127	3.34789	2.99128	2.94964	2.97131	3.25303	2.90017	3.26978	3.78517	3.5069	3.51224	3.74883	3.54848	3.29203	3.5069	3.61868	2.92825	3.39114
PC aa C36:6	-1.74455	-1.90737	-1.74455	-1.66405	-1.96601	-2.43826	-1.82486	-1.66415	-2.15066	-1.88078	-1.79801	-1.74455	-1.73708	-1.54639	-1.57907	-2.33366	-1.77445	-1.91168	-2.20182	-1.97485
PC aa C38:0	-0.233053	-0.339798	-0.134041	-0.332402	-0.587652	0.0712512	-0.334846	-0.626056	0.296161	-0.110721	-0.596594	-0.165866	-0.206011	-0.364953	-0.497345	-0.419833	-0.473371	-0.193759	0.235064	0.121629
PC aa C38:1	-1.01374	-1.68413	-1.52731	-2.53965	-2.06831	-2.29099	-1.26371	-2.12461	-1.54234	-2.03052	-3.5547	-2.41734	-1.76699	-1.87005	-1.4723	-1.93083	-1.55221	-2.0118	-1.86888	-4.69126
PC aa C38:3	3.28606	2.2541	3.39199	3.25005	2.77999	3.52844	3.18021	3.35383	3.00669	3.32122	3.50497	3.81883	2.99423	3.54237	3.24148	3.13784	3.30854	3.27316	3.5069	3.5069
PC aa C38:4	7.48413	6.42929	7.3441	7.03055	6.77268	7.473	6.86524	7.03095	7.11016	7.17596	7.0683	7.05133	6.99782	7.09086	6.7939	7.006	7.10458	6.99725	7.37194	7.61996
PC aa C38:5	5.89597	5.19556	6.18259	5.80325	5.6065	6.164	5.72182	5.85003	5.96089	6.08444	5.97131	6.02245	5.84525	5.99275	5.80945	5.65793	5.89226	5.76295	5.888	6.25679
PC aa C38:6	4.94945	4.43689	4.65164	4.7638	4.57387	4.72633	4.2514	4.36479	4.47209	4.66045	4.52612	4.53467	4.84301	4.5277	4.47746	4.59407	4.61452	4.70423	4.73615	4.99154
PC aa C40:1	0.040435	0	0.0553699	-0.108074	-0.220786	0.122837	-0.0321907	-0.195187	0.00573225	-0.110721	-0.0039612	0.165944	0	-0.259561	-0.468026	0.399495	-0.0992037	0.00852821	0.0608096	0.163628
PC aa C40:2	-1.39225	-2.44022	-1.54994	-1.63821	-1.72337	-1.50167	-1.65518	-1.77245	-2.06011	-1.5958	-1.35239	-1.53954	-1.51805	-1.39342	-1.67111	-1.80386	-1.74455	-1.37803	-2.20182	-1.81724
PC aa C40:3	-0.640931	-1.34206	-1.00328	-0.636586	-1.22844	-1.31656	-0.806673	-0.863107	-0.993473	-0.819178	-0.873658	-0.793536	-1.16096	-0.770132	-0.64339	-1.23614	-1.01279	-0.654674	-1.22018	-1.01361
PC aa C40:4	1.07301	0.930907	1.68806	1.2545	1.00933	1.47187	1.14229	1.13277	1.22902	1.28217	1.25748	1.55464	1.16436	1.22628	1.13827	1.05186	1.25275	1.21396	1.73626	1.38925
PC aa C40:5	2.66306	2.4318	3.05931	2.81948	2.41033	2.9548	2.73843	2.73615	2.6958	2.8485	2.83942	3.0206	2.33931	2.91594	2.70959	2.55309	2.67109	2.70521	2.72633	2.95753
PC aa C40:6	3.66345	3.54897	3.62181	3.5069	3.39718	3.69877	3.2237	3.24431	3.5069	3.52547	3.30642	3.49895	3.50512	3.39491	3.30989	3.29203	3.3718	3.53438	3.60343	3.70474
PC aa C42:0	-1.16986	-1.57022	-1.59625	-1.27857	-1.39809	-1.53003	-1.70946	-1.40452	-1.54234	-1.37642	-0.559657	-1.48602	-1.35069	-1.46755	-1.33587	-1.18153	-1.38419	-1.70186	-1.59829	-1.31929
PC aa C42:1	-2.65529	-2.83349	-2.60003	-2.23512	-2.56725	-2.29099	-3.04855	-2.65505	-2.57789	-2.5516	-2.58757	-2.69627	-2.3583	-2.51301	-2.80135	-2.33366	-2.69659	-2.70777	-3.25459	-2.79948
PC aa C42:2	-0.626717	-1.22902	-1.22385	-0.7962	-1.20853	-0.810957	-1.16689	-1.09832	-1.08402	-1.46039	-1.33035	-0.911071	-0.976177	-0.920435	-1.05311	-0.783437	-1.08282	-1.13216	-1.50856	-0.93144
PC aa C42:4	-1.34495	-2.1298	-1.50503	-1.38142	-1.72337	-1.74455	-1.68205	-1.74455	-1.57407	-1.74455	-1.65053	-1.18015	-1.30629	-0.945264	-1.08343	-1.80386	-1.04735	-1.35587	-1.56776	-1.05656
PC aa C42:5	-0.557676	-0.530636	-0.641427	-0.527726	-1.20853	-0.740709	-0.806673	-0.52148	-1.36458	-0.791193	-0.813363	-0.584188	-0.941938	-0.497491	-0.402023	-0.88998	-0.669007	-0.296	-0.882375	-0.503955
PC aa C42:6	-0.129218	0.221642	-0.0242267	0.0903035	-0.161066	-0.102789	-0.198289	0.140762	-0.0173773	0.229583	-0.14653	0.214576	0	-0.0296285	0	0.248654	0.0686996	0.122555	-0.111735	0
PC ae C30:0	-2.01374	-1.59789	-1.59625	-1.69038	-1.56434	-1.00196	-1.50405	-1.63838	-1.20525	-1.52658	-1.493	-0.529643	-1.59628	-1.79324	-1.71962	-1.38204	-1.57804	-1.51858	-1.1966	-1.29328
PC ae C30:1	-2.05122	-2.4904	-3.3725	-2.4919	-2.61752	-3.61591	-3.12338	-2.40837	-2.4035	-2.84499	-2.42682	-2.36758	-2.0321	-2.27199	-2.22394	-2.88585	-2.58083	-2.76469	-2.29854	-2.65765
PC ae C30:2	-4.97721	-4.39658	-4.05344	-4.1876	-4.05498	-5.20685	-3.93685	-3.76584	-4.77399	-4.12535	-3.97224	-3.87734	-3.96586	-4.42528	-3.96917	-4.30408	-4.22004	-4.61206	-4.16622	-4.02524
PC ae C32:1	0.167336	0.102897	0.612529	0.29927	0.0372413	0.532398	0.394868	0.0646892	0.491058	0.18785	0.0806876	0.502258	0.30867	0.208717	0.205474	0.0349542	0.11006	-0.00863839	0.329312	0.224598
PC ae C32:2	-1.87288	-1.87334	-1.64405	-1.63821	-1.83973	-1.99374	-1.73742	-2.12461	-1.93356	-1.88078	-1.89518	-1.38469	-1.65094	-1.65256	-1.6475	-2.06954	-1.8684	-2.5493	-2.11115	-1.78043
PC ae C34:0	-0.517783	-1.18611	-0.653827	-0.563086	-0.954747	-0.375446	-0.850611	-0.999278	-0.556283	-0.936604	-0.75572	-0.42647	-0.584854	-0.706458	-0.65446	-0.703331	-1.13788	-0.752862	-0.722064	-0.564265
PC ae C34:1	1.75245	2.37184	2.60255	1.91153	2.00142	2.86471	2.08838	2.09017	2.78383	2.39539	1.79773	2.15565	1.55097	2.05508	1.96099	1.64	2.23823	1.9385	2.68726	2.30219
PC ae C34:2	0.874874	0.445396	0.992539	0.877129	0.658605	0.870692	0.630938	0.551235	0.686046	0.715883	0.691362	0.897873	0.858026	0.767935	0.77609	0.434876	0.795004	0.873091	0.937913	0.869782
PC ae C34:3	0.69056	-0.376048	-0.0823446	0.570596	0.280791	-0.706748	-0.264884	-0.212874	-0.887304	-0.230202	0.0472639	0.230425	0.520529	0.0794344	0.450207	0.0117451	-0.00799021	0.249825	-0.391725	-0.0743202
PC ae C36:0	-0.744554	-1.124	-0.926487	-0.92903	-0.873698	-0.577908	-0.709269	-0.393542	-0.6767	-1.06393	-0.673744	-0.556653	-0.694205	-1.0096	-0.95212	-0.372158	-0.914198	-0.905765	-1.06263	-0.798194
PC ae C36:1	0.942438	0.879906	1.03339	0.937275	0.653421	1.05064	0.79131	0.768764	0.798947	0.847875	0.696766	0.90771	1.01743	0.787779	0.752391	0.755054	0.574638	0.757253	0.613515	0.829571
PC ae C36:2	1.5515	1.01052	1.11569	1.65148	1.28966	1.17604	0.814811	1.05194	1.00841	1.15235	1.29362	1.38975	1.64782	1.25222	1.41173	1.22904	1.2263	1.47701	0.987101	1.38448
PC ae C36:3	-0.0994701	-0.614439	-0.187607	-0.125462	-0.230977	-0.18444	-0.376472	-0.230795	-0.354941	-0.239796	-0.286646	-0.0185364	-0.216124	-0.238096	-0.189841	-0.452478	-0.0653072	-0.145218	-0.378358	0
PC ae C36:4	1.67259	1.47401	2.24506	1.55502	1.53984	2.45686	1.8073	1.89342	2.16418	2.00141	1.66046	1.97043	1.63977	1.75791	1.79584	1.63236	2.10403	1.94948	2.91748	2.14247
PC ae C36:5	4.16466	2.71197	3.99648	3.71279	3.54347	2.76922	3.63058	3.55792	2.67197	3.48833	3.27956	3.43373	3.93802	3.5069	3.55356	3.64706	3.5309	3.49774	3.5069	3.77949
PC ae C38:0	0.0136484	-0.0679519	-0.187607	-0.116741	-0.141682	-0.091469	-0.314494	-0.35345	-0.113586	-0.239796	-0.286646	-0.197262	0.0508437	-0.281404	-0.166506	-0.0750972	-0.333203	0.114704	-0.365114	-0.0526849
PC ae C38:1	-1.80729	-2.01441	-1.8806	-1.49238	-2.47154	-1.41961	-1.82486	-1.74455	-2.10472	-1.66835	-1.76716	-1.91157	-1.59628	-1.32346	-1.76996	-1.80386	-1.90125	-1.4466	-1.79636	-1.70956
PC ae C38:2	-0.233053	-0.916254	-0.32068	0	-0.392902	-0.375446	-0.452473	-0.445388	-0.507426	-0.308718	-0.399838	-0.207884	0	-0.396784	-0.365723	-0.519978	-0.439689	-0.440687	-0.791135	-0.248056
PC ae C38:3	0.199361	-0.503724	-0.0406004	0.560302	-0.141682	-0.160668	-0.082522	0.254754	-0.216214	0.0159407	0.00436704	0.307131	0.440836	0.196892	0.181426	-0.127333	0.0261405	-0.254235	-0.214956	0.515049
PC ae C38:4	2.54018	1.85875	2.41867	2.44531	2.20277	2.36507	2.10165	2.15457	2.17529	2.3176	2.36354	2.31956	2.46292	2.28051	2.25432	1.97203	2.25914	1.98832	2.3957	2.50915
PC ae C38:5	1.78162	1.97079	2.51568	1.67227	1.76153	2.69617	2.075	2.16749	2.7801	2.36024	1.84967	2.10997	1.89935	1.88863	2.01239	1.5975	2.18958	1.80701	3.26558	2.56651
PC ae C38:6	2.35036	1.28993	2.33186	2.22357	1.92802	1.58125	1.94217	1.84609	1.53941	1.87442	1.70141	1.82865	2.03766	1.88495	1.92785	1.56178	1.77642	1.49214	1.88424	1.84469
PC ae C40:1	0.777768	0.898669	0.774409	0.518333	0.71937	0.286702	0.0330708	0.268395	0.465898	0.504121	0.29523	0.284549	0.730518	0.11757	0.314226	0.28786	0.404681	0.360088	0.919069	0.403432
PC ae C40:2	-2.05122	-2.44022	-2.4255	-2.19653	-1.93341	-2.60106	-2.2432	-2.08853	-3.17136	-2.26871	-2.37733	-2.22799	-2.0321	-2.00968	-1.84923	-1.57819	-2.07889	-2.40644	-2.24937	-2.06076
PC ae C40:3	-0.924103	-2.05189	-1.52731	-1.0251	-1.83973	-1.44648	-1.20481	-1.11556	-1.28286	-1.37642	-1.35239	-1.2451	-1.20099	-0.896094	-1.51399	-1.18153	-1.40693	-1.13216	-2.11115	-1.40028
PC ae C40:4	0.54891	0.259069	0.659862	0.555125	0.366211	0.393	0.350334	0.410545	0.351823	0.504121	0.537256	0.656445	0.402473	0.447005	0.527591	0.443588	0.424566	0.412193	0.338437	0.498384
PC ae C40:5	-0.190618	-0.451325	0.00803687	-0.0739285	-0.0943031	0.0712512	-0.304428	-0.0936648	0.105224	-0.128499	-0.247794	-0.0659654	-0.22631	0	-0.106205	-0.419833	-0.253754	-0.174147	0.215526	-0.235787
PC ae C40:6	0.0136484	-0.192231	-0.233773	-0.272882	-0.315133	-0.102789	-0.709269	-0.267365	-0.256535	-0.164695	-0.399838	-0.251185	-0.354595	-0.364953	-0.321695	-0.502816	-0.531475	-0.317342	0.0168805	-0.418046
PC ae C42:0	1.33572	1.34168	1.28832	1.32721	1.23584	1.69879	1.225	1.25135	1.68719	1.22743	1.18237	1.59759	1.32457	1.20282	1.17087	1.72143	1.40219	1.32301	1.53494	1.71476
PC ae C42:1	0.191421	0.159577	0.448906	0.20213	0.14577	-0.172508	-0.0321907	-0.0694312	0.405531	0.0704141	-0.443548	0.222522	0.170451	0.0135465	0.156945	-0.0370792	-0.0569663	0.0666756	0.383295	0.302385
PC ae C42:2	-1.4165	-1.46445	-1.27977	-1.33938	-1.51491	-1.74455	-1.95076	-1.58826	-1.4509	-1.69332	-1.89518	-1.38469	-1.4439	-1.72091	-1.4723	-1.57819	-1.15675	-1.84857	-1.53786	-1.70956
PC ae C42:3	-1.12922	-0.614439	-1.01913	-1.18272	-0.98845	-1.3932	-1.38961	-1.34158	-1.06088	-1.25861	-1.73702	-1.6238	-1.4439	-1.39342	-1.53534	-1.47692	-1.57804	-1.73004	-0.826945	-1.40028
PC ae C42:5	0.597699	0.643656	0.596412	0.512996	0.551087	0.772476	0.543416	0.470831	0.839226	0.504121	0.728771	0.736025	0.629439	0.310999	0.378682	0.914177	0.580571	0.528838	0.912737	0.915434
PC ae C44:3	-2.16986	-2.17036	-2.5102	-2.53965	-2.47154	-2.60106	-2.46334	-2.364	-2.19801	-2.74074	-2.03707	-2.10092	-2.18586	-2.23601	-2.50369	-2.11878	-2.28397	-2.45252	-1.98496	-1.93378
PC ae C44:4	-1.83971	-1.87334	-1.82467	-1.29855	-1.58969	-1.61835	-1.98411	-1.71722	-1.48078	-1.5958	-1.493	-1.36045	-1.82878	-1.87005	-1.74455	-1.44462	-1.65869	-1.67422	-1.66136	-1.51603
PC ae C44:5	-1.1494	-1.20741	-1.46144	-1.20138	-1.72337	-1.71202	-1.22417	-1.28144	-1.28286	-1.5493	-0.673744	-1.18015	-1.22144	-1.4486	-1.45194	-1.23614	-1.25534	-1.62046	-1.53786	-1.07853
PC ae C44:6	-1.90683	-2.1298	-2.19707	-1.85959	-1.75161	-2.073	-2.37104	-1.85977	-1.89359	-1.90956	0.199564	-2.14202	-1.9268	-1.79324	-1.87673	-1.64971	-2.11746	-1.24989	-2.15578	-1.74455
SM (OH) C14:1	-1.51778	-1.16512	-0.783895	-1.0757	-1.35382	-0.657165	-0.927092	-1.01529	-0.71291	-0.819178	-1.07321	-1.48602	-1.18084	-1.25724	-1.24631	-1.12884	-1.1759	-1.24989	-1.12807	-1.16998
SM (OH) C16:1	-2.08969	-1.87334	-1.31826	-2.12238	-1.51491	-1.3932	-1.65518	-1.80094	-1.57407	-2.162	-2.15457	-1.91157	-1.89337	-1.84392	-1.74455	-1.97566	-2.00497	-2.23551	-1.69395	-1.81724
SM (OH) C22:1	-1.65529	-5.42252	-1.93871	-2.01801	-2.8376	-2.29099	-1.91819	-2.08853	-1.54234	-2.79197	-1.62293	-1.53954	-1.59628	-1.95193	-1.76996	-2.58451	-2.32907	-1.59431	-3.84261	-1.85503
SM (OH) C22:2	-1.05122	-2.71007	-1.61996	-2.64029	-2.61752	-1.64894	-1.95076	-2.23902	-1.60647	-2.06233	-1.70755	-1.94747	-2.60821	-1.56691	-1.90482	-2.51776	-2.32907	-2.36179	-2.91178	-2.72679
SM (OH) C24:1	-3.83971	-5.84832	-3.93484	-3.46815	-4.05498	-3.14404	-2.91004	-3.76584	-2.77461	-3.35344	-3.81781	-3.21087	-3.96586	-4.23392	-5.57519	-4.30408	-4.66767	-3.71369	-5.58865	-3.13445
SM C16:0	4.78498	4.93649	5.4125	4.40387	4.64802	5.98457	4.94233	4.70584	5.64596	5.14782	4.49917	4.79794	4.62895	4.59401	4.35386	4.67616	4.81625	4.66204	5.52289	5.24119
SM C16:1	0.335224	0.458252	0.394245	0.274032	0.21135	0.202052	0.0491365	0.0489846	0.11589	0.0704141	0.364739	0.238284	0.395977	0.098628	0.0807372	0.408422	0.308146	0.25697	0.0279768	0.0564529
SM C18:0	1.56987	1.46784	1.86193	1.21984	1.17987	2.41645	1.57062	1.05983	2.04839	1.57928	0.916507	1.61262	1.25207	1.01017	1.09562	1.06323	1.06098	1.23932	1.3866	1.50392
SM C18:1	-1.51778	-0.703273	-1.33789	-1.27857	-1.33217	-1.06419	-1.52812	-1.38322	-1.28286	-1.5493	-1.67873	-1.09792	-1.59628	-1.37555	-1.45194	-1.50992	-1.43007	-1.29136	-1.47984	-1.31929
SM C24:0	1.0986	-0.628879	0.675312	1.00985	0.0532692	1.02203	0.593308	0.366806	0.405531	0.685993	0.975515	1.38625	0.848618	0.767935	0.560107	0.697883	0.431135	0.806662	0.383295	1.26041
SM C24:1	2.71872	1.37514	3.1102	2.53367	2.08621	3.41676	2.66424	2.35179	3.0972	2.77714	2.33257	2.76499	2.43111	2.23498	2.39218	2.27926	2.51799	2.44555	2.59735	2.87268
H1	10.9892	10.2844	10.7828	9.46522	10.2105	12.5501	11.2839	12.1592	11.5389	11.6683	9.6908	10.7461	8.90071	10.4763	9.32879	10.5314	11.5608	10.0807	12.8417	11.9646